Bernoulli Naive Bayes on Spam/Ham Data Set:
    Mean Accuracy: 
        0.9867329690512662, 
    Confusion Matrix: 
      [4310 50]
      [26 1342]
    

Bernoulli Naive Bayes on News Group Data Set:
    Mean Accuracy:
        0.42826503804244165,
    Confusion Matrix:
      [6 2 3 58 1 0 16 51 267 157 0 10 14 11 5 187 0 11 0 0]
      [0 170 163 236 41 11 35 17 222 25 0 13 32 1 6 1 0 0 0 0]
      [0 7 438 239 35 13 34 6 163 28 0 9 12 0 1 0 0 0 0 0]
      [0 2 65 630 85 1 41 22 100 8 0 5 22 1 0 0 0 0 0 0]
      [0 3 18 255 441 0 33 10 159 22 0 7 14 1 0 0 0 0 0 0]
      [0 13 127 188 32 339 30 14 202 26 0 4 11 1 1 0 0 0 0 0]
      [0 3 3 149 15 0 564 33 156 28 0 3 20 0 1 0 0 0 0 0]
      [0 0 1 53 0 1 34 566 272 42 0 3 9 1 3 1 2 1 1 0]
      [0 0 0 27 2 0 24 72 812 45 0 4 5 0 1 3 0 1 0 0]
      [0 0 2 45 0 0 20 3 195 719 4 2 0 1 0 3 0 0 0 0]
      [0 0 1 37 0 0 8 8 170 192 579 2 0 0 0 1 0 0 1 0]
      [0 6 19 82 5 3 33 44 233 66 0 444 49 2 0 1 2 0 2 0]
      [0 1 19 135 22 0 45 32 183 30 0 15 498 1 2 0 0 0 1 0]
      [0 2 8 64 3 1 25 65 296 74 1 3 30 400 5 9 0 2 2 0]
      [0 11 11 71 5 0 38 58 303 85 1 3 52 5 333 5 1 3 1 1]
      [0 0 7 55 1 0 16 25 222 115 3 0 4 7 1 539 1 1 0 0]
      [0 0 4 44 2 0 27 111 330 109 0 33 17 2 1 6 210 11 3 0]
      [0 0 0 41 0 0 16 72 243 156 1 21 9 4 5 36 1 335 0 0]
      [0 1 2 38 0 0 14 81 270 112 1 60 7 26 22 38 40 17 46 0]
      [0 1 6 48 0 0 18 45 204 87 1 3 10 7 2 174 12 8 0 2]
    