Multinomial Naive Bayes on Spam/Ham Data Set:
        Mean Accuracy: 
            0.9874296775570238, 
        Confusion Matrix: 
        [4319 41]
      [31 1337]
        

Multinomial Naive Bayes on News Group Data Set:
        Mean Accuracy:
            0.6392872751533697,
        Confusion Matrix:
        [237 5 0 0 0 2 0 4 13 1 6 20 0 7 9 336 12 88 52 7]
      [2 698 9 33 9 82 3 1 10 3 2 43 2 4 14 26 2 16 13 1]
      [2 138 342 101 13 225 3 0 15 0 9 57 3 3 7 35 2 10 19 1]
      [1 66 40 655 43 44 12 1 5 0 8 51 19 3 3 13 1 8 9 0]
      [3 75 17 116 522 41 17 2 20 0 6 58 22 10 6 23 0 9 16 0]
      [0 110 2 6 0 818 0 0 6 0 0 12 1 2 2 14 0 4 11 0]
      [0 44 8 83 27 17 574 25 8 0 11 47 21 8 23 18 5 27 28 1]
      [4 10 0 3 1 6 12 606 40 3 12 45 13 13 24 42 11 71 74 0]
      [4 20 1 1 1 7 15 60 534 11 14 38 12 20 20 52 24 97 65 0]
      [5 12 1 0 0 11 2 1 19 712 61 34 2 16 4 38 3 33 39 1]
      [1 6 0 1 1 2 0 2 10 14 853 17 1 4 1 29 4 26 26 1]
      [3 18 2 3 0 10 1 0 11 2 10 798 1 5 6 24 14 44 39 0]
      [1 87 7 53 16 27 10 16 21 3 9 130 485 17 42 18 7 14 21 0]
      [1 12 1 0 0 3 0 2 6 2 11 22 5 798 10 54 5 35 23 0]
      [3 40 2 1 0 11 1 1 16 0 9 29 4 16 699 50 4 44 57 0]
      [4 6 0 0 0 4 0 0 9 0 6 11 0 6 1 902 4 30 13 1]
      [5 2 0 0 0 2 1 2 11 3 13 39 1 5 8 46 498 117 157 0]
      [1 2 0 1 0 2 0 1 14 2 6 18 2 6 1 55 4 789 36 0]
      [4 3 0 0 0 1 0 1 10 2 5 22 0 15 7 55 57 104 489 0]
      [36 6 0 1 0 3 1 1 8 1 9 12 0 13 9 347 41 57 44 39]
        