NBModelName.MULTINOMIAL on Spam/Ham Data Set:
    Mean Accuracy: 
        0.9874296775570238, 
    Confusion Matrix: 
        [4319 41]
      [31 1337]
    NBModelName.MULTINOMIAL on News Group Data Set:
    Mean Accuracy:
        0.48434655745988675,
    Confusion Matrix:
        [103 3 0 0 0 1 0 0 13 0 3 13 1 3 2 519 5 99 30 4]
      [0 614 3 25 5 93 3 0 8 1 5 53 1 5 6 105 3 26 17 0]
      [2 159 141 111 6 291 2 1 16 0 8 78 4 6 8 117 2 14 19 0]
      [1 69 6 577 19 65 13 1 4 0 6 90 12 3 1 73 0 21 21 0]
      [0 89 3 106 360 46 9 0 16 0 6 91 12 12 6 144 1 38 24 0]
      [1 85 3 8 0 784 2 0 3 0 0 26 1 1 3 47 2 10 12 0]
      [0 84 1 69 20 21 487 19 2 2 7 59 20 9 17 80 10 44 24 0]
      [1 7 1 0 1 9 12 304 24 0 15 65 3 14 12 181 8 227 106 0]
      [5 17 0 1 0 4 8 28 222 2 10 52 3 17 5 256 16 244 106 0]
      [2 13 0 0 1 8 1 0 15 476 39 28 0 5 0 211 3 131 60 1]
      [1 7 0 2 0 3 1 0 9 7 590 16 0 5 1 146 2 117 92 0]
      [0 12 1 1 1 9 0 0 11 1 8 740 1 1 2 79 6 69 49 0]
      [0 97 1 34 2 35 6 4 14 1 11 229 258 17 27 117 2 85 44 0]
      [0 9 0 0 0 1 0 2 6 0 10 31 2 587 7 239 5 75 16 0]
      [0 32 1 0 0 5 1 1 16 0 7 39 1 11 490 193 1 107 81 1]
      [0 7 0 0 0 2 1 0 9 0 5 10 0 0 0 932 0 27 4 0]
      [2 6 1 0 0 4 1 0 10 0 10 32 1 4 5 125 259 276 174 0]
      [0 3 0 0 0 5 0 0 11 2 4 13 1 0 3 94 6 768 29 1]
      [4 3 0 0 0 1 0 1 7 2 7 18 0 4 3 140 25 144 416 0]
      [13 5 0 0 0 3 0 0 8 0 5 13 2 4 6 434 17 66 32 20]
    